天琴座 470,769,1 352,633,1 195,541,1 168,132,1 322,222,1 352,633,0
猎户座 749,458,1 790,467,1 837,469,1 769,787,1 550,623,1 749,458,0 864,119,1 1029,177,1 1008,336,1 864,119,0 1008,336,0 1207,530,1 1181,552,1 1098,620,1
仙后座 485,97,1 659,155,1 562,274,1 636,368,1 554,498,1
仙王座 1351,447,1 1405,434,1 1490,286,1 1367,157,1 1124,83,1 1247,303,1 1405,434,0
大犬座 1557,182,1 1699,264,1 1647,410,1 1699,264,0 1832,499,1 1869,665,1 1821,703,1 1436,665,1 1821,703,0 1704,819,1 1821,703,0 1869,665,0 1952,624,1 2013,654,1 2071,779,1 2013,654,0 1952,624,0 1927,507,1 1867,342,1 1814,181,1 1928,221,1 2024,186,1 1960,37,1 1928,221,0 1814,181,0 1699,264,0
南十字座 890,715,1 1273,713,1 1027,714,0 1046,590,1 1009,820,1
天鹰座 2103,49,1 2118,105,1 2381,408,1 2713,421,1 2381,408,0 2338,612,1 2319,763,1 2338,612,0 2381,408,0 2097,469,1 2060,412,1 2097,469,0 2156,538,1
苍蝇座 3025,219,1 2906,491,1 2779,641,1 2518,562,1 2779,641,0 2525,779,1 2779,641,0 2857,735,1
北斗七星 3121,146,1 2939,93,1 2827,134,1 2681,175,1 2402,118,1 2414,270,1 2632,295,1 2681,175,0
三角座 3135,318,1 2986,771,1 3119,745,1 3135,318,0
小狮座 1379,599,1 1555,538,1 1696,574,1